sogal· 2857. 3271. 5586

sogleivh 161. 234. 239.
270. 2477. 2501. 2774.
3064. 4310. 4400. 4433.
4438. 4440. 5097. 6343.
7369. 8267

so grors 8034

Sohle 6228. 7859

Sohn 3216. 3245. 3248

so lange (als) 6542. 8027

sol‹÷h(er1 5891. 7471

Soldat 1136. 2699. 4659.
4662. 5689. 7590. 8883

sollen 2405

summor 279. 8627

Summersprossc 4755

Sonne 7582. 7589

Sonnenblume 1633

Sonnenschirm 5898

sonnig 671

Sonntag 2668

Serge 1345. 2102. 2110.
2346. 7601. 7617

sorgen 2352. 6422. 7601

Sorgsalt 6417. 7617

spiihen 4538. 7666

spiit 8042

Spahn, s. Splittcr, Abfall

Spalte. ⁵1mlten1619.1687.
2252. 2256 fl'. 2926.
3267 f. 3283. 4543. 4548.
6587. 6615. 6676. 6757.
6760. 6928. 7522. 7528. .
7638

Spange 3222. 5679. 7642

Spanne 5836. 7643. 7689

spannen 4191. 8097

sparen 5072. 5841. 7646

Spargel 810

Sparten 730

sparsam 2853

Spass, s. Scherz

Spassmauher, S. Possen-
reisser

Spaten 8703

Spaziergang 5927. 6405

Specht 6119. 7665. 7667

Speck 989. 1055. 3329.
4682. 8414

Speer 364. 794. 868. 1318.
2393. 3681. 4450. 5156. 1
6144. 7296. 7710. 8713.
8744

Speiche 6611

Speiehel 3719. 7718

Speicher440. 1554. 1778 ff.
2620. 3378. 3738. 3745.
4001. 5480. 7498. 7583

speien 2122. 2610. 2921.
2925. 4017. 6626. 6786.

Speise 1860. 1864. 4461.
5342

Speisekarte 5326

Speisemeister 2246

spe1sen, s, essen

Speisezimmer 1784. 8199

spelt 337. 7669

811011101- 1600. 5497. 7647

Sperling 5502. 5834. 5924

Doutsehes Wortverzeiehnis.

ffsperren 981. 1062. 2330.

30118. 4089, 4204
8110κο1Ῥί 2702. 7655. 7660
8ρίι·εζο1 5328. 5330. 7664
spivl 4400. 4710
>41110101] 1254. 4465. 4468.

7709. 8238. 8423
81110101 2384. 4464
Spielerei 1203
Spielmann 4467. 5305 f.
Spielzeug 4465 s. 5114
§pit-ss 1353. 3825. 6119.

7225. 7673. 7688. 8560.

8660
Spinat 1257. 7679 s.
Spindel 3544. 7692

’811111ηο 687. 688. 689

spinnen 3254

Spion 5497. 8651

Spitze 1099. 1296. 1302.
1530. 2489. 6089, 6119.
6442. 6473. 6646. 6872.
7675. 7677. 7944

spitzen 297. 3256. 4347.
6473

Spitzmaus 5496. 7624

Splitter 4543 5872. 6117.
6615. 7238 f. 7962

Sporn 1866. 2837. 7701

Spott. >potum 710. 849.
990. 1102. 1171. 1198.
1425. 1505. 1844. 2457.
3108. 3289. 3589. 3715.

’ 4456. 4863. 5442. 5481. 1

5537. 6615. 6636. 7527. ¹

7885. 8715: s. flecken

¹ Spottsch rift 5919

Sprache 3083. 4695. 4335 f. ·
5758. 8634

spreehen, με reden

spreizen 574. 6197

sprenkelu 4547. 5497. 6455

Spreu 634. 4864. 8648

Sprichwort 2561. 6764

1527.1622f.1643.3463. ’
3466. 4660. 6453. 7094.
7108. 7110. 7709. 3373Δ 1
8423. 8577. 8852

Spritze 7990

spritzen 7240. 7706

ερῐὸᾶε 6897

Sprssssling 3126. 3729.
6027. 6461

Sprosse 3540. 7194

sprossen 1356. 3729. 6454.
6461

Spruch 5518

sprudeln 1286. 5993. 7977.
8852

Sprung. s. springen

spussken. ε.81)01011

spiilen 2873. 3450. 6718

spiiren 824. 1316. 8285.
8299: s wittern

Spule 1566. 7692

Spund 5034

Spur 464. 3453. 5669.
5787. 5797. 6680. 7365. 1
7764. 8285. 8306

Stam- 7476. 7705. 7846

Staat 6253. 7755

Stab 982. 983. 1421. 6782.
7769

Stat-hcl 126. 803. 855.
6119. 6442. 7375. 7774.
8898

8111011011)οθτο 3553. 4576

Staehelsvhwein 6277

Stadt 1194. 1423. 1923.
6269. 8720

staultviortol 6547. 6778

Stiidter 1925

81111110 314. 520. 536

starken 2087. 4131. 4139.
4361. 6120

staffelei 1445

§tabl 109 f. 113. 2387

Stall 1295. 1429. ... .. .

6876. 7320. 7729. 7738.
8276

Stamm 1277. 1353. 1397.
1746. 6612. 6977. 7250.
7781. 7783. 8400 f.

stfflnmeln 1005 f. 10281

1235. 1873. 2940. 3144.
3589. 8060, 5329
Stauunhans 7554
81511111101137.3952.6177; 1
³. Rammmaschine
>111111ρ1011325549575109,
6054. 6157. 7153. 8849 ’
8111111111111111110 8849
&tange 1054. 1062. 1353.
13075 s. 7745. 7750
81111101, vum St. lusson ’.
8582 ³
>tark 192. 3095. 3410.

1 3550. 3562. 6924. 6959. ¹

8137. 8712. 8918
*tarr 2279. 3809. 3958.

237. 4364. 6924. 8108
Statthalter 487. 3797. 6305

6469
stauen 7733 f.
staunen 2974. 8312
staupbesen 382 1
stechen 1296. 2864. 2999. ’
3689. 4148. 6119. 6370.

’ 6471 1·.1;175.7677.7769.

8898
Ste‹·l1palme 120. 683. 4037
stet-ken 7769
Stmkenpferd 2381. 5115
Steg 6197
stohen 1296. 7782
stellltm 3018. 3532. 3627.
4427. 8808
steif 2358. 2840. 3809.
3958. 4237. 4364. 8108
Steigbiigel 7749. 7822 8820
steigcu 3731. 5401.6245.
7860

810111 1436. 1500. 1530.
2228. 4543. 4545. 5152.
52( 14. 6096. 6228. 6528 f.
6908. 6961. 7265. 7462.
8215

0407 1

’81101 1527. 1636.

151

Steiubock 4065. 7757

Stoinbruch 1587. 6521

steinigcn 4543

stenen 4868. 5134«. 6263.
7505

81011111104101 1633

&tollam-„- 6290 f. 7505.
7746

Stellvertreter 4871

8101Ζο 7218. 8309

¹ stemmen 6479

¹Stempel. s. 1115111011

18100μο1. ³. 81101

(steppen 6070. 7842

*sterben 10365. 5117. 6827.
6293. δ’ 12

Steuer 459. 554. 837. 1787.

1 2398. 2779. 3506. 3556.

3601. 4224. 4707. 4775.

1 5013. 5131651378. 6022.

’ 6092. 6713. 7271. 7291.

’ 7704. «5023. 8355. >5523

'steuermann 3797. 4813.

1 5997. 7847

stenem 3798

stenen-udor 3796. 3799.

' 4813
’ Stichel 6472

5110110111 6119

sti-:ken 1287. 6664

Stin-fol 251. 1359. 1435.
1527. 4006

Stiefsohn 601. 3239

Stiefvater 8781

3543.
5061. 6059. 7204. 7773.
8159. 5182. 8925

81101, s. Rind

Stift 1942. 5930

Stil 2561

still! 6954. 7724

stilleu 842. 2942. 7733.
7888

¹ Staub 6460 f. 6465 ff. 1 Stillstand 7888
¹ springen 1016. 12541274. .

1 stimmo 8824

1 311111111οη 8086

1 stinken 1681. 3315. 3319.
3365 f. 5409. 5731. 5735.
6491. 6496 fl'. 6500

Stirn 3475

¹ Stock 983. 1076. 1353.
1576. 1599. 1827. 3540 f.
3543. 4543. 4957. 6616

8111011115οὓ1801.4517.5119.
5265. 5519

Stockwerk 6182.
7750

7583.

.Sti'11›sel 1296. 1388. 7842. '

8004. 8038. 8238
stin-eu 232. 8436
st6rrisch 3385. 3560. 3885.

390⁸. 6897. 7252
. Stzissel 6174

1519112833.3421.6ϋ94.6938 StOff 5¹62· 7342

stolz. Stolz 472. 474. 478.
. 1346. 3196. 3209. 3582.
4221. 4272. 4290. 4942.
8314. 8513. 8574. 8576

stolzieren 5967

